35322
66434
14259
13493
55045
27831
84362
71740
88631
57458
56215
69314
87930
80102
9438
27463
21886
34353
70623
37660
99679
13489
44038
44972
52901
86295
33585
30378
47022
22098
65699
65785
88531
79958
79277
43577
7789
63640
15317
96420
21098
71531
65735
9028
51634
75172
36490
73520
9525
7113
11181
9204
20602
55218
54176
73502
41514
87760
3881
88535
9859
69580
54321
98389
49538
33599
41967
57327
97238
57283
53748
18336
28815
19483
27364
80449
94654
63853
53969
4180
70966
65149
13383
91567
20368
67559
65070
61881
